1.0506133632413934 -5.520659805745694 -1.6556120315244127
7.086292446286276 1.01915033121046 6.21851981843979
7.460855445203102 0.9630021084583443 6.079090889544483
6.948933162631344 0.0 -0.8596332049051698
4.822959413456851 0.4773150783762441 4.903284140416606
3.662598881201845 -0.9247014460374244 9.239358805082341
0.20560206117902524 2.2035766407039135 -0.29864503826017985
-11.218475041977472 -5.3345883717554665 -3.473951681014153
4.759324704899321 1.145948084765832 3.332562753650758
7.310135979477681 -1.1312076377378155 0.37767489573217405
-1.7265812575899329 0.022079882206937657 -2.8719183221715716
0.9608316175081382 2.2035766407039135 0.9264762324332306
5.431443745698155 1.145948084765832 5.244136773947473
-14.2596854439057 -4.74962587103431 -5.236998749523417
9.077848401510574 1.6747623627348727 6.97992752077742
-8.476687237799908 -3.9356973050245383 -12.922521532170704
3.622824410164692 1.6747623627348727 0.08874979045859133
-2.126797951334741 0.022079882206937657 0.0
4.531018372193659 2.2035766407039135 2.319713085850098
2.2257707230828 3.0191503312104597 0.3669935095862472
1.2673563430512012 1.4903360532414194 0.5508941601759784
-1.9886576158334266 -6.165275978282994 -4.760329902872847
2.7347290978958365 2.2035766407039135 -0.9215759883546842
2.608191841571123 2.663441826599436 1.4121079482823662
0.30615361426252974 -3.3112240630488254 2.2035766407039135
-4.208644847700579 0.9030566094936244 -3.912072793406039
4.667787342865484 0.8923525776550881 7.7586908158086
-1.7794025675486318 -6.622448126097651 -3.307840173004994
-4.208644847700579 0.9030566094936244 3.5957218467926575
-2.4931916147508733 1.01915033121046 3.033935926547306
5.090938349060026 1.6747623627348727 2.132927109900657
1.333745095300868 0.04415976441387531 -0.5668622410658216
6.063433704952991 1.145948084765832 1.6526824805279352
3.4391972315799304 1.6747623627348727 1.6526824805279352
10.722330438821242 0.5479646091795009 5.099377903689469
7.430929384253068 -1.1076474223449124 -1.0369978915416556
-5.4620760708880285 -3.7161701384589723 -4.34684600618217
-0.4296871294866338 -0.5538237111724559 0.41999879422941006
7.19336766584443 1.145948084765832 0.5508941601759784
8.79016263400996 2.2035766407039135 1.3847757441634008
-4.933428263852751 -4.9447562123663005 -3.096276785281979
0.09863973844506499 2.2035766407039135 1.1017883203519567
6.6557392940645705 1.1566521166043688 8.071245056031222
4.888552525518242 1.145948084765832 2.253531210885148
-6.1184410506648925 1.1017883203519567 -2.6896803720695903
-11.477143028041692 -7.071553965921673 -6.580902208708535
6.061665255940066 2.2035766407039135 5.099019737216974
2.302355120341517 2.2035766407039135 3.982744969901905
-4.208644847700579 0.9030566094936244 3.5957218467926575
-3.524881597518579 -3.26706429863495 -1.2373380169944723
2.302355120341517 1.145948084765832 3.982744969901905
5.873115852678756 1.145948084765832 1.7681043837149062
4.94166418965301 1.145948084765832 0.5508941601759784
5.565297969492208 2.2035766407039135 1.446176288827544
13.457911487561281 2.2035766407039135 1.7681043837149062
3.820529323747584 2.2035766407039135 7.4628459677245385
-4.90505140639059 -4.9447562123663005 -3.3112240630488254
-7.651262306705173 -4.74962587103431 -6.117191725991161
2.3369616238895916 1.5479646091795005 2.0700651019944583
0.9115707764739489 -4.41594193439726 0.5508941601759784
4.833087246005482 0.572974042382916 0.7026370507091697
6.153769246450118 2.2035766407039135 5.386458320785805
-1.5072733082346295 -3.26706429863495 -1.6556120315244127
4.032731618947666 2.490336053241419 0.5820329497246786
6.153769246450118 2.2035766407039135 5.386458320785805
0.15646437117499593 0.04415976441387531 1.8629041048565345
8.329530312026526 1.6747623627348727 8.920097450863688
4.94166418965301 1.145948084765832 0.5508941601759784
3.8490284428615116 -0.8994961061477466 6.213881818591018
-20.952736667350045 -5.071553965921673 -7.96054314621467
-2.664010738506999 -3.2670642986349505 -9.994330791166249
-1.4081606733155758 1.145948084765832 0.0
5.873115852678756 1.145948084765832 1.7681043837149062
-8.873003629336473 -2.7161701384589723 -5.345292403594003
7.572498703635633 -1.6364617003139523 6.580091803892038
0.5189668541774833 -0.5317438289655183 1.332673480787961
3.7929250051828443 1.145948084765832 1.1017883203519567
-7.77096038125827 -3.2670642986349505 -6.000904435118416
2.1726663775426194 -1.3027777636769025 2.6931419954740687
0.44762602560356357 -3.2670642986349505 0.5780919527708664
1.8795675266410115 0.2601584307142548 5.823495577227067
4.985875408178821 1.6041128319316162 1.1206215653282052
7.964605643120436 2.2035766407039135 5.827682642383387
6.2509529361212035 1.4903360532414194 1.9918882512060025
9.12719026052244 1.145948084765832 10.260278435907559
-8.982980215374868 -3.2670642986349505 -12.897346415586549
8.455431946389218 1.6747623627348727 2.6279796516227227
-1.9886576158334266 -6.165275978282994 -4.760329902872847
-7.589435253286345 -4.9447562123663005 -4.41594193439726
2.2257707230828 3.0191503312104597 0.3669935095862472
7.964605643120436 2.2035766407039135 5.827682642383387
2.2257707230828 3.0191503312104597 0.3669935095862472
2.5793229509417603 2.2035766407039135 4.785609590428592
5.107301190061826 1.156653854960395 2.2035766407039135
2.11807696817434 0.572974042382916 2.253531210885148
-11.218475041977472 -5.3345883717554665 -3.473951681014153
-4.414384875384031 -1.9522237289537405 -4.461766116692126
5.873115852678756 1.145948084765832 1.7681043837149062
4.5776098241201915 1.6747623627348727 1.6526824805279352
0.8169074334537751 -0.8637097718446396 0.0
-21.43680399680388 -3.2670642986349505 -8.278060157622063
3.02021328364721 1.145948084765832 -4.580117570875574
4.95713440794956 1.6747623627348727 1.9941408980070445
9.12719026052244 1.145948084765832 10.260278435907559
6.916982466796473 1.6747623627348727 6.114761696442737
11.688058773618042 1.6747623627348727 0.9970704490035223
0.8908901212515058 2.2035766407039135 1.7013296908619582
-3.9500690969653136 -3.946401336863075 -0.577167527197356
-0.19776691171923422 -2.221424201035109 0.9830947998561035
-8.982980215374868 -3.2670642986349505 -12.897346415586549
-7.11969430668918 -5.520659805745694 -5.9902004032798795
11.738361397512694 1.145948084765832 2.876466348019031
6.625501110786526 2.663441826599436 6.4743882496974905
1.2356205908760174 3.0191503312104597 0.5508941601759784
-10.083602849973499 -6.622448126097651 -7.580158679573177
0.6992328834657616 1.145948084765832 0.5508941601759784
11.688058773618042 1.6747623627348727 0.9970704490035223
9.297058885553744 1.6041128319316162 2.8320288256651067
8.512904475037933 1.6747623627348727 5.89815725685205
6.6557392940645705 1.1566521166043688 8.071245056031222
1.2205656057620053 0.572974042382916 -2.8309794336761036
-8.982980215374868 -3.2670642986349505 -12.897346415586549
-2.664010738506999 -3.2670642986349505 -9.994330791166249
-17.864833705449076 -4.393862052190322 -14.284670224699743
3.3505190961337 2.2035766407039135 3.458394692552883
9.215112018455455 1.6747623627348727 8.929513613209654
-1.5618535159885831 0.572974042382916 -2.803551608412472
-2.2186750826255848 -6.622448126097651 -0.806154085167713
-4.685184934120709 -3.656896458024116 -7.897456550861165
-10.068386861371268 -2.842967892014344 -12.673833469867146
3.4330087237236313 2.2035766407039135 1.1017883203519567
2.0286374549694726 -0.692609923066068 6.5484736598231414
8.270408974157574 1.1459480847658319 2.4905704081859974
13.129696893641434 2.2035766407039135 8.168135172210256
2.6903148714746585 1.007829795075024 0.5508941601759784
-8.528374760834245 -4.9447562123663005 -9.898412303813839
6.84641416940098 2.2035766407039135 8.861823020356743
5.926332151261221 1.6747623627348727 1.3586219339521417
0.003768420446138787 -5.978824552911478 -2.2800852735001254
-0.21005597482811847 1.145948084765832 -4.426645966235797
8.722241651046875 1.9630021084583444 3.697510167144614
-1.2537420973494813 0.022079882206937657 2.5586686410180373
-5.1650253377533835 -4.978824552911479 -5.902911652623038
21.098989668432388 -1.19442232394251 0.5508941601759784
-1.6815280427149575 1.6041128319316162 1.335599315486154
-15.708522757575151 -4.9340504421717375 -4.6960272078973855
21.098989668432388 -1.19442232394251 0.0
9.301420766308114 2.2035766407039135 0.0
0.29262017921103767 0.0 1.474117610557791
6.674956781498826 0.0 0.0
-7.625105668832825 -1.633532149317475 -2.571216269079441
0.8474945417154651 2.2035766407039135 0.547964609179501
-4.087921911923303 0.7211815979713874 1.364585245934629
1.0945544689134108 -1.0826379891414966 3.2715425332343218
1.5496165594666824 1.6747623627348727 4.150650264187082
3.755232829686853 1.9630021084583444 0.5479646091795009
5.109176421256833 1.6747623627348727 0.0
4.468376789185565 2.663441826599436 0.9435844346732979
-0.6127809118976228 1.6041128319316162 1.1017883203519567
-8.139159256129046 -4.9447562123663005 -3.3112240630488254
-10.53548296498841 -6.622448126097651 -7.654995059137284
4.088090887795436 1.7178896106218131 1.5305026490845965
2.1454091722933053 1.6747623627348727 1.6478101499971944
14.17723856768122 2.5479646091795005 0.5508941601759784
1.106565454619913 1.145948084765832 3.0414645683619757
-4.857189674299006 0.6647990202746945 -5.84824947197991
-2.358644253002115 -4.393862052190322 -1.854343742382745
12.202732355454257 1.6747623627348727 2.7544708008798917
2.668705059329115 1.01915033121046 2.760991097196472
4.760178803910478 1.6747623627348727 4.389087076455951
5.355329400296448 1.145948084765832 2.2307744332988015
-4.519219263435591 2.1673578867989316 3.3534745130425314
-3.826666890280444 0.022079882206937657 -5.314153614045303
-14.471783453230799 -4.9447562123663005 -6.884854639586484
-1.3861690663643218 2.134627548630396 0.7055840660493615
-2.1796604190991045 0.572974042382916 0.071071092325736
-8.690528369159649 -4.393862052190322 -17.002697014907945
12.556608539048469 1.145948084765832 4.024677794403233
8.94696553726529 1.1459480847658319 6.6246625141341395
-10.341807320341994 -4.9447562123663005 -6.689034140343917
2.6963033324692836 1.6747623627348727 0.9970704490035223
-7.074678130599074 -2.673042890572031 -4.966836094573238
0.5824810118792065 -0.9808496687895397 2.835824363521685
-12.405881161969576 -4.486591465200516 0.0
0.011518406117773883 1.6041128319316162 0.48024462937272183
2.1998038652024574 0.8923525776550877 -0.18149442096662172
5.872587463104539 1.6041128319316162 0.7550639612648213
-2.8830775648761247 -4.9447562123663005 -3.242964862355292
6.2570912794582 3.114744998991536 2.830190825527638
2.368915390209776 3.4079324190445 1.7351364883271216
2.407787495427622 0.8529061326261275 2.0256596877530586
1.7766135179017368 3.0191503312104597 4.572455679787106
-2.0417960055353293 -0.039510741254556475 1.1986240773294783
1.5013421611935605 0.022079882206937657 2.867946652747997
8.118450319632247 1.6747623627348727 6.624254609665
2.1998038652024574 0.8923525776550877 -0.18149442096662172
6.562130475157572 0.9630021084583443 4.823808318860138
-16.230294912904125 -6.622448126097651 -6.73339851186869
-0.8909118150529144 1.6747623627348727 -2.138786211893612
4.5207989176393335 -1.6556120315244127 6.9077439648793035
-0.5717711536069999 -1.6676004898626529 -4.332243249567787
-15.708522757575151 -4.9340504421717375 -4.6960272078973855
3.625703118113553 1.6747623627348727 3.41379385856781
0.11190433939799571 0.7561159253766662 1.332673480787961
0.027695819760801904 2.1329271099006566 0.11120966404681631
7.471827933104917 0.0 2.2886574580780796
-0.4697491038531642 -0.8637097718446396 -4.105865045034995
-1.3583211680126541 2.2035766407039135 1.529199587442196
-9.208435595112087 -7.393482060809036 -4.529039471361667
3.574251246893775 0.572974042382916 -1.6962365516780444
0.6934331123765973 1.0535986631369247 2.017251138769883
-0.44775589781298164 -1.0826379891414966 3.5603155038708376
-6.5895374193551195 -3.4531357326251784 -9.01245611443634
2.5001229195821684 0.5023245115796595 2.7178896106218127
-3.3383743575966847 -2.2920737318383653 -8.15663877774612
-7.807579684691426 -6.486591465200517 -8.671054484596258
0.02921067354910331 -3.3112240630488254 1.2194628703399704
10.805679035300662 1.01915033121046 2.132927109900657
6.560684132808644 1.6747623627348727 5.324198206032119
0.6992328834657616 0.022079882206937657 0.5508941601759784
0.8132351928335178 0.08831952882775063 0.5421055071865456
9.123469974364667 0.01915033121046017 1.3223550332495575
3.82622830958213 -3.1652759782829936 3.1466160069686357
-5.953754180878474 -1.4724701485306624 0.0
-13.5940781816193 -2.7161701384589723 -22.381685233986023
0.017326992238230532 1.6747623627348727 -0.09176119270885552
3.575239770005388 0.6647990202746945 1.2237838674910961
3.046747134659946 -1.6676004898626529 2.3982158226682033
6.435862968998842 2.2035766407039135 0.5508941601759784
2.4854894177909115 0.5508941601759784 -1.4083921237583947
5.420626820826125 1.6747623627348727 8.176416794140694
13.129696893641434 2.2035766407039135 8.168135172210256
1.8798270199106497 1.6747623627348727 0.6544648578378518
6.404816695485258 1.6747623627348727 6.532152535428516
-8.139159256129046 -4.9447562123663005 -3.3112240630488254
-2.9619239803018487 -6.393862052190322 -4.234189359636979
9.215112018455455 1.6747623627348727 8.929513613209654
1.3077350860431936 -1.0826379891414968 1.0405601332435594
3.478789703930974 2.01915033121046 4.22495876572923
3.1183804934313977 -3.26706429863495 1.7681043837149062
5.965741632707989 1.6747623627348727 2.253531210885148
21.098989668432388 -1.19442232394251 0.5508941601759784
16.550739206665703 2.2035766407039135 0.0
2.407787495427622 0.8529061326261275 2.0256596877530586
10.176906746773279 1.7224275762127759 9.58829344137506
0.8132351928335178 0.08831952882775063 0.5421055071865456
3.3505190961337 2.2035766407039135 3.458394692552883
10.679533307007889 3.21428067254245 4.854006536309242
0.5498928274971256 0.0 0.36502958146202147
-6.58791157841701 0.572974042382916 0.5508941601759784
8.270408974157574 1.1459480847658319 2.4905704081859974
6.0328118511132995 1.892352577655088 1.3138776085677388
0.8136761042552374 -0.08263798914149686 -3.170522472306109
-12.841029659844603 -4.9447562123663005 0.0
4.2891800418378905 -0.22142420103510885 8.16211984813049
-13.298339699058953 -4.9447562123663005 -6.727165997446086
-12.263351464441962 -4.39160940538928 -5.405182588325759
3.029224282369873 1.156653854960395 3.6876752466466227
4.869868535539076 1.3410784260978224 6.262178943263855
-0.2635108941510782 0.572974042382916 1.5213060374713678
4.598553530953022 2.2035766407039135 1.5305026490845965
1.5496165594666824 1.6747623627348727 4.150650264187082
0.7721008993900619 1.6747623627348727 -0.009800098946767366
3.184577859382217 0.572974042382916 2.035715802572306
-4.730077963198238 -6.418871485393737 -3.854157320157366
8.077779908181949 1.145948084765832 6.320143064438012
3.112812531664149 -0.08263798914149686 2.3706174412686343
-8.251836521683277 -4.9447562123663005 -4.292600609092925
-3.7388047498106003 -1.0826379891414966 -6.636081708932665
-0.39444709507902626 1.6747623627348727 1.3436429895811475
0.37469404880745394 1.6747623627348727 0.8893185175654544
1.5225827931703932 1.2849302033457068 2.899705558853104
3.4080790640446006 2.2035766407039135 4.202992211895116
-0.5489483208484909 0.572974042382916 -1.8730854863132262
-12.907891817655365 -5.520659805745694 -3.567684824930451
-8.139159256129046 -4.9447562123663005 -3.3112240630488254
-10.379660483752854 -3.2670642986349505 -7.0575930514761644
9.911323437930882 1.6041128319316162 9.19670886717416
13.684479958911298 0.2601584307142548 8.35251573916596
4.884100481955833 1.6747623627348727 5.56228407053195
-0.028034674723309616 1.01915033121046 3.502674603021469
6.247859920412942 1.0860043241571384 10.580076030496496
0.6898891150942431 1.145948084765832 1.4794632160841308
3.837943352229542 2.2035766407039135 1.1017883203519567
1.2567449238613073 0.7561159253766662 3.767142849537198
-1.210595861655063 -3.2670642986349505 -1.6556120315244127
2.9587781173285324 0.572974042382916 0.44617628882754384
-0.6999152006924634 1.6747623627348727 -2.692609923066068
-1.4411521490356993 1.145948084765832 4.593220404919187
12.180142243416297 2.2035766407039135 6.031935591138263
3.9587781173285315 1.1238682025588944 2.5656592068257433
4.837127897011886 1.6747623627348727 2.505256400106491
-1.1340827338966513 0.5508941601759784 1.5350994436325025
-2.5158383401556 -4.9447562123663005 -5.345292403594003
-0.3258918831053167 -0.33496662478072753 1.7953021763097943
-4.2010272805515605 -2.393862052190322 -1.8875076478095063
1.681496513088166 -2.165275978282994 -0.11251975287565258
-5.751362734692797 0.6647990202746945 -5.176271837270107
-8.139159256129046 -4.9447562123663005 -3.3112240630488254
-5.5447132320929535 -4.152853952686527 -4.1418842559253335
6.49529463512492 1.145948084765832 6.580042609031846
1.9211711292873996 1.145948084765832 2.0311387895487
-8.67820129338543 -3.656896458024116 -4.770027789341162
1.168509882547128 0.4790155171059832 1.40795249678124
5.651831991694062 2.2035766407039135 3.0057493649639975
-2.7680855381776586 -5.292073731838365 1.9396762480100191
-9.413977961899239 -1.586507130132718 0.7199147264998748
-3.659534524541743 -2.833908984672581 -3.6324619764364168
3.7846005384539545 1.6747623627348727 1.8575871594944116
1.6863293296939408 0.08831952882775063 -1.1047178713484342
8.560786575305213 1.6747623627348727 4.283888587145257
2.3716081790594883 -2.221424201035109 1.6526824805279352
1.0733681953354008 2.3767936294958 0.0
-11.620308771819733 -2.8088995514691657 -10.66710838101409
1.9226612134429186 1.9630021084583444 0.18314188299375012
-4.148240121810797 -3.0715539659216726 -6.0443561733267845
1.539158422677489 4.822969918323344 0.2504726898174362
1.2376632894904476 0.01915033121046017 3.0414645683619757
5.3496155668094305 1.145948084765832 2.2035766407039135
3.545641670552175 1.66996015631864 3.7702751671154022
-0.16851363404618125 0.2799320902432114 0.5628851412227673
5.850192734376131 0.9173620108585033 1.9604892587454434
-4.953261504222826 0.08831952882775063 -1.2908738656687975
2.1029398545725906 1.6747623627348727 5.156349172649073
-5.751362734692797 0.6647990202746945 -5.176271837270107
-3.6119911795830637 -4.9447562123663005 -3.760329902872847
3.6979170089598 1.6747623627348727 5.981574383630221
-10.268273062312966 -4.842967892014344 -5.2641990438640685
-2.4828532570887645 -0.08263798914149686 -0.8503971074611503
1.3044469030752714 -0.8654277656025686 2.1851037037127745
1.106565454619913 1.145948084765832 3.0414645683619757
-10.18616314463511 -4.9447562123663005 -4.484156588092431
11.798616168033622 1.7224275762127759 3.982744969901905
-0.11660479015906694 -5.4279303927355 0.5489707545497224
10.176906746773279 1.7224275762127759 9.58829344137506
2.6903148714746585 1.007829795075024 0.5508941601759784
2.1177197884528685 1.6747623627348727 4.614397701656465
-3.189039904848926 -3.26706429863495 -3.473951681014153
-10.480794203550579 -4.9447562123663005 -10.038390060494912
5.620874628264339 3.0191503312104597 4.109606047812797
-2.9319886915609343 -4.038098233346335 -2.6819058912275318
4.391088014951514 1.6747623627348727 2.3159111656388793
-1.2100723824555955 -0.9808496687895402 0.9674823262989112
-10.379660483752854 -3.2670642986349505 -7.0575930514761644
6.247859920412942 1.0860043241571384 10.580076030496496
-17.733330153410115 -6.622448126097651 -3.6864214838006553
8.560035703920585 2.5479646091795005 6.304874296120845
4.5066765679461644 1.6747623627348727 9.408548680236644
5.3496155668094305 1.145948084765832 2.2035766407039135
-4.0844613281137265 -6.622448126097651 -5.713044680776232
5.26841124572187 -1.9808496687895403 1.511383418921422
3.1949458543343225 -2.5317438289655185 -0.13687563140497416
5.375404751443362 1.0191503312104597 4.168698226705929
-11.918769017426651 -7.071553965921673 -6.071553965921673
-2.624735684479291 -6.393862052190323 -2.4118751460556664
-8.139159256129046 -4.9447562123663005 -3.3112240630488254
0.2260858307396636 1.6747623627348727 2.2035766407039135
17.12123488787975 1.6747623627348727 12.25495482370547
-1.9064733299166783 2.2035766407039135 0.44617628882754384
-3.077344336567048 0.022079882206937657 -2.3721633606621966
-2.26929359925108 -4.292073731838365 -4.041456792573422
6.639336700948567 3.4785819498477566 3.637186415154633
2.3751948629381134 1.6747623627348727 4.3128825726491105
-7.407957645083335 -4.393862052190322 -2.3374974300702034
0.8390345581621422 1.145948084765832 1.1017883203519567
0.705437312982101 0.04415976441387531 0.8941164047872013
3.1214594725987235 2.2035766407039135 4.91237645985406
8.399936270191972 1.145948084765832 6.185043771166681
5.904506183959125 0.01915033121046017 7.501755265855956
-10.95487145419465 -1.0826379891414966 -3.0036269942396476
6.814862878454867 0.7561159253766662 0.0
1.68376854599917 1.5479646091795005 2.8780270985534706
1.25012704364174 1.6747623627348727 1.1017883203519567
1.4323635449778722 1.3817204105951681 1.442606082226925
13.129696893641434 2.2035766407039135 8.168135172210256
-13.047976634689377 -6.393862052190323 -4.285349322551431
1.1504133760223567 0.7561159253766662 1.2732093230964976
-0.4739256340843475 -0.8416298896377019 -0.09092892950692977
-5.317557781288711 -2.667600489862653 -5.567684824930452
2.896840103947918 1.3817204105951681 4.842411392117411
2.3797454512608103 2.3767936294958 6.012805442163893
2.6514717167025297 1.01915033121046 8.683419856452877
-3.7405397556690447 -3.106002297848138 -8.547650743064311
6.275702142100711 -0.05149919959279636 8.53076226963588
-2.803540388095857 0.05486553460843836 -2.609580993953276
1.25012704364174 1.6747623627348727 1.1017883203519567
-10.613237668867125 -2.278384834770386 -7.648741985800769
3.6685090629742794 0.022079882206937657 -1.6556120315244127
4.598553530953022 2.2035766407039135 1.5305026490845965
-15.848240081545534 -4.9447562123663005 -12.844502791600563
-11.451847502558346 -5.978824552911479 -10.616155177739083
-12.907891817655365 -5.520659805745694 -3.567684824930451
-1.0435868645819855 -1.7382500206659095 0.0
-1.934295159204129 1.6747623627348727 -0.7857193274575497
0.8390345581621422 1.145948084765832 1.1017883203519567
3.764108118473465 2.478580211491731 3.2347154302526135
3.71808487924914 1.6747623627348727 0.9062950404402224
3.9111659174066644 0.572974042382916 0.0
6.034197294786622 1.145948084765832 2.356710977391753
1.3201808953465122 1.145948084765832 4.071009671875254
4.969830883677281 1.9630021084583444 6.35636120931599
7.545079592911349 3.0191503312104597 1.3189985438908847
-13.813402211177806 -4.393862052190322 -4.777722460779833
1.9211711292873996 1.145948084765832 2.0311387895487
12.95313134206192 1.6747623627348727 6.03309261665612
4.526507080806136 2.2035766407039135 2.688244700278174
0.06290518062358061 -0.5933344524270123 1.6526824805279352
-4.942287061673734 -4.9447562123663005 -8.319595754300533
2.3502863606197995 3.4785819498477566 2.5927922957961798
-3.659534524541743 -2.833908984672581 6.041174056905347
3.103934645101332 0.572974042382916 0.7817793206119826
4.428857809923231 1.145948084765832 1.668528200825508
-15.796687330250341 -5.393862052190322 -14.972012639799463
-3.649357674457945 -1.8196035833077029 0.09390620598104404
-6.5895374193551195 -3.4531357326251784 -9.01245611443634
5.250991570638428 0.7561159253766662 3.342281001343739
4.676450850480723 0.04415976441387531 -2.6455849038813115
4.531468639127678 1.6747623627348727 2.446176288827544
-2.26929359925108 -4.292073731838365 3.5141698561897394
5.423721090095492 1.156653854960395 12.59658313802244
3.575239770005388 0.6647990202746945 1.2237838674910961
3.029224282369873 1.156653854960395 3.6876752466466227
-5.822383594617394 -2.842967892014344 -6.728176453295174
5.420626820826125 1.6747623627348727 8.176416794140694
4.022439025454492 1.145948084765832 2.9030771021753656
4.065242163444153 1.145948084765832 2.2035766407039135
1.0747596414900489 1.1017883203519567 -0.5538237111724559
6.2570912794582 3.114744998991536 5.667325069452958
-12.531973624633524 -3.5799334861805505 -3.473951681014153
8.297195751134037 3.0191503312104597 3.7977029923790346
-1.452069391301546 0.022079882206937657 -1.5689554836913995
9.468186324558317 2.2035766407039135 0.21721022353892797
-1.9186654682251005 0.022079882206937657 -1.2832827413185786
5.239730246995911 1.9630021084583444 2.2035766407039135
1.1467991253083096 1.6747623627348727 -0.43879000565086335
2.711650022600147 0.6206392558608191 -2.5323742934333207
-8.668468717494706 -0.7071112311172093 -6.331646474037418
-3.538807268551863 -3.2670642986349505 -8.727165997446086
-2.866436488088384 0.31031962793040957 -2.4844379372695777
3.2203686589086256 0.022079882206937657 -1.4581648894360142
7.3189423428095814 0.6057596947844167 0.07129326078316739
-1.8152172519388894 -0.8416298896377019 -2.4678931355070564
4.817695842536821 1.0752985539625755 4.462079215914801
-2.9619239803018487 -6.393862052190322 -4.234189359636979
-12.955558794054085 -4.4279303927355 -1.2946053358769811
6.639336700948567 3.4785819498477566 3.637186415154633
1.622862912339754 2.2035766407039135 3.545425222445778
4.817695842536821 1.0752985539625755 4.462079215914801
-5.373429273216307 0.022079882206937657 -2.7028050974960682
-6.487152912559672 -4.9447562123663005 -5.020563388394994
-1.422307684617183 0.04415976441387531 0.44324673783106616
-1.8440078044899977 0.572974042382916 0.049809119382673295
-1.9748500156795952 -2.165275978282993 -4.539201830299363
3.382064314633153 0.022079882206937657 2.457283542807847
-1.662801862976311 -0.7178152629557463 -2.0237699624170613
14.17723856768122 2.5479646091795005 0.5508941601759784
0.8671302908334051 0.022079882206937657 0.845717722733086
-4.519219263435591 2.1673578867989316 -4.823204952834044
0.732670843217121 0.0 1.8034596734683361
-5.904469023271206 -5.221424201035108 -3.2138468261768374
5.796722852359204 1.01915033121046 2.3189985438908844
0.09703362150051315 1.6747623627348727 2.0631430286616097
-2.624735684479291 -6.393862052190323 -2.4118751460556664
-10.68137434995748 -7.418871485393737 -8.337559031449546
-10.044990845031752 -3.4279303927355 -3.267128594860547
5.270880072332105 0.2601584307142548 5.9321521058147955
1.3014730599776225 0.572974042382916 2.2335077531518595
-2.9319886915609343 -4.038098233346335 -2.6819058912275318
4.837127897011886 1.6747623627348727 2.505256400106491
4.598553530953022 2.2035766407039135 1.5305026490845965
1.1827408240818282 1.145948084765832 0.041898135620201865
-5.8089448598872835 -4.978824552911479 -4.966836094573238
-4.108665024604628 -4.9447562123663005 -6.399621858395589
7.682313162194643 0.572974042382916 4.8622126004856945
-19.10008170346214 -7.520659805745694 -16.876441457442848
3.443318316875444 0.5479646091795009 5.29820817884807
-5.2712979026091356 -6.393862052190322 -3.3562771310261397
10.112531642341752 2.5479646091795005 7.338729848238033
-8.139159256129046 -4.9447562123663005 -3.3112240630488254
-6.056901107981767 -4.656516466642829 1.336016016769731
-14.3946565318143 -3.393862052190322 -5.558150612471084
3.103934645101332 0.572974042382916 0.7817793206119826
-8.300371983790201 -4.9447562123663005 -16.12595261664491
6.6431500055321955 1.6747623627348727 2.4905704081859974
2.672799518653292 0.39760664023122494 3.1381325525651143
2.430907555542971 -1.3734272944801589 5.1972273910922695
-1.3446096252520663 -5.715790147077685 -0.6326155592584837
12.556608539048469 1.145948084765832 4.024677794403233
5.3496155668094305 1.145948084765832 2.2035766407039135
-3.8513852482359896 -3.2670642986349505 -2.1280821800550753
3.5662880972108333 -1.2596505157899625 2.936746697013541
-1.9642353115161324 1.1238682025588944 1.51917094181848
-21.030932897232447 -4.9447562123663005 -11.821179836955983
3.443261122258345 0.7561159253766662 0.8232586160373752
0.02921067354910331 -3.3112240630488254 1.2194628703399704
8.399936270191972 1.145948084765832 6.185043771166681
-2.580852390034364 -4.9447562123663005 -2.8309794336761036
-8.140607858763714 -3.26706429863495 -3.3949679558003414
1.6301367890768221 0.01915033121046017 -3.3149350273338944
8.124300739608914 1.6747623627348727 0.21428067254245042
6.55351742028733 2.01915033121046 3.7178896106218127
2.321866601692227 -1.5317438289655185 1.854388080955906
1.828867545888458 0.01915033121046017 2.7972358594703666
-0.5040243556329861 1.6747623627348727 -0.56293112687369
11.087138426506543 0.7561159253766662 6.31317107174402
-12.866917407074318 -4.9447562123663005 -9.561342898940643
-3.045210789771029 -4.152853952686527 -2.9388947728429913
2.189525133163326 -0.08263798914149686 1.474117610557791
-4.435658668903096 -2.165275978282994 -4.038267038665086
0.8671302908334051 0.022079882206937657 0.845717722733086
-5.470670970446752 2.2035766407039135 -3.410027239063952
3.3505190961337 2.2035766407039135 3.458394692552883
4.9947134380392875 1.01915033121046 2.2035766407039135
8.376147957325287 1.1890753326527723 7.529921366033828
3.3826196113108735 3.4785819498477566 3.3773904402674373
6.457456324635343 0.8923525776550877 3.654176359732996
-2.934382337257911 0.0 -2.546309433242256
-8.357957921286811 -5.1056223064668504 -0.7398990298381233
-12.655841624803056 -4.978824552911479 -8.700203539332126
6.722784624668964 3.5479646091795005 6.108844703750515
-13.5940781816193 -2.7161701384589723 -22.381685233986023
-8.139159256129046 -4.9447562123663005 -3.3112240630488254
5.360246936195201 2.2035766407039135 4.717889610621813
-2.624735684479291 -6.393862052190323 -2.4118751460556664
13.129696893641434 2.2035766407039135 8.168135172210256
4.469350570787352 1.6747623627348727 0.5508941601759784
3.7692597209539005 1.6747623627348727 1.8835676409639395
6.96670747505476 1.6747623627348727 7.215892809409216
8.339117770841336 1.5479646091795005 2.2035766407039135
4.380193029563142 0.2601584307142548 3.218878178247797
6.2570912794582 3.114744998991536 5.667325069452958
9.215112018455455 1.6747623627348727 8.929513613209654
7.937086861031644 2.2035766407039135 8.510407695032365
6.49529463512492 1.145948084765832 6.580042609031846
8.24115954303981 1.6747623627348727 5.701515867722877
3.208859479457705 0.08831952882775063 1.2194628703399701
5.625518621708159 1.6747623627348727 1.1888274935675356
3.208859479457705 0.08831952882775063 1.2194628703399701
3.9315842858519034 1.839885157760952 3.026175922526109
4.25805392744342 1.6747623627348727 -0.2808666867887164
-8.698279972883906 -4.152853952686527 -2.2133389140823
-7.82951816771661 -2.106002297848138 -5.827392960603415
9.164967845344947 1.6747623627348727 2.7544708008798917
4.9587791908899765 1.2849302033457068 6.046465176475724
1.1347190081176526 -1.7071112311172092 -3.1425817497501907
5.413073819383706 1.6747623627348727 5.048730077304443
3.4016889779149113 -1.633532149317475 5.232120729285927
0.705437312982101 0.04415976441387531 0.8941164047872013
-17.42278103939038 -3.393862052190322 -8.15114564393529
6.84641416940098 2.2035766407039135 8.861823020356743
5.354349742276063 1.6747623627348727 5.50332698436039
10.799294156021293 1.1459480847658319 6.608091974526273
4.502491280589553 1.6747623627348727 1.9147064305126396
4.58720309325092 -0.7071112311172093 1.5553175903775174
3.0426370343931697 0.6041128319316162 0.6487623820946806
-0.1701358879066457 3.4785819498477566 0.15957268560821514
6.095902917893122 0.01915033121046017 4.200647089707435
-4.795390967723825 0.31031962793040957 0.7225458338744801
12.556608539048469 1.145948084765832 4.024677794403233
-6.297293107669748 -4.393862052190322 -9.237659974777428
0.10005591481037834 0.572974042382916 -6.274145913090889
-14.06440779562613 -4.130827646356528 -7.328219616482193
3.103934645101332 0.572974042382916 0.7817793206119826
14.17723856768122 2.5479646091795005 0.5508941601759784
3.5017366807153905 1.6747623627348727 3.9559968811717834
5.551701156957068 1.6747623627348727 2.4974081458457538
5.795320875854785 2.663441826599436 0.7817793206119826
10.576152600913595 1.6747623627348727 3.100777864502867
1.8960459870583035 2.2035766407039135 2.5450350581830232
-29.464739536837733 -4.708983886536965 -4.775232632831292
5.4097029211205285 1.145948084765832 6.895919910390067
-1.0270286788619076 0.572974042382916 0.5508941601759784
-3.02045503490974 -4.9447562123663005 -3.3614388361419185
-9.932351710134032 -4.393862052190322 -8.856817018549949
-0.9217436403469955 2.132927109900657 -3.978298894007756
4.676450850480723 0.04415976441387531 -2.6455849038813115
1.1640393453569542 1.6747623627348727 1.7651748327184285
-12.626698037089259 -4.9447562123663005 -14.382440273136961
1.1872519936805421 -1.633532149317475 1.9509860637967975
-9.480083762988855 -4.9447562123663005 -8.278060157622063
-13.982808576628244 -3.2670642986349505 -10.878257753912148
-10.379660483752854 -3.2670642986349505 -7.0575930514761644
-15.556204942401354 -4.152853952686527 -5.226828300603854
21.098989668432388 -1.19442232394251 0.0
9.429494819451266 2.2035766407039135 3.30536496105587
5.4097029211205285 1.145948084765832 6.895919910390067
-4.727090214504448 -2.8088995514691657 -6.345292403594003
16.550739206665703 2.2035766407039135 0.0
-16.11154033999378 -4.152853952686527 -12.899282321336628
1.3642662586850336 1.01915033121046 1.3206454067436848
4.45871030591482 1.6747623627348727 4.721721210067223
-6.9624478567827905 -3.2670642986349505 -7.593222334959737
-4.245282583476177 -3.368656712300644 -5.4453687603696865
2.9729538845670125 1.156653854960395 2.656536457097923
1.0311207820225046 1.6747623627348727 0.6105023911887598
3.4164448083771073 1.7561159253766658 5.177754796517336
5.494124522975979 1.6747623627348727 0.9970704490035223
-15.702239312178142 -3.0312919728056142 -11.022819269421515
7.388310107368234 1.6747623627348727 5.6116315583888055
10.176906746773279 1.7224275762127759 9.58829344137506
-0.09457992048325983 0.0 -1.0832665610525793
2.321866601692227 -1.5317438289655185 1.854388080955906
-1.113168520834247 -1.633532149317475 -1.0788431308510409
2.339015376895475 1.0191503312104597 1.9543622399305127
0.9871496258583532 1.053218671755638 0.0
1.5977032843674266 1.6747623627348727 0.019785954570589126
10.679533307007889 3.21428067254245 4.854006536309242
-1.768904188152832 -1.0826379891414968 2.1457792794470802
6.216238078566888 1.6041128319316162 3.5385163067843077
-8.140607858763714 -3.26706429863495 -3.3949679558003414
-0.9667662854439719 1.0191503312104597 -0.5103340269324188
0.37712467471859923 0.022079882206937657 1.8042410867569272
-13.254203165206597 -4.383156281995759 -6.808312704811608
-8.472799807907005 -4.9447562123663005 -7.071553965921673
5.370801416720861 1.3410784260978224 4.18240360807951
-12.264487365412208 -3.783694211579488 -3.296585101636157
6.046957062369011 1.910534688564209 4.365072828080803
1.9486280487686725 1.6747623627348727 9.35027928965748
1.5016338641538138 0.04415976441387531 1.7340360431697284
1.666350980124123 0.5508941601759784 -1.1753674021516909
0.45865835122019283 -0.08263798914149686 -1.1047178713484342
1.6823522150647168 -4.393862052190322 -2.3718730153765617
4.151214498325985 0.01915033121046017 2.453879099979759
5.41482661281451 3.4785819498477566 3.0414645683619757
-9.686978808277404 -4.9447562123663005 -4.486591465200516
-1.9186654682251005 0.022079882206937657 -1.2832827413185786
-16.590755518243814 -4.9447562123663005 -4.966836094573238
-12.168946132949717 -5.257625399911901 -8.309783375979562
1.8039652028666984 1.3410784260978224 6.119096246760868
-10.52511465631807 -5.071553965921673 -1.6556120315244127
-0.7362357783373591 0.01915033121046017 2.0327862515758284
-13.047976634689377 -6.393862052190323 -4.285349322551431
-19.619956017000323 -3.656896458024116 -4.804922177573073
7.079893163477621 1.6747623627348727 4.584152427268348
-10.379660483752854 -3.2670642986349505 -7.0575930514761644
-13.912409845869476 -4.258005391293188 -5.44352274330863
-1.9064733299166783 2.2035766407039135 0.44617628882754384
-6.9624478567827905 -3.2670642986349505 -7.593222334959737
1.2614972885885134 0.01915033121046017 4.342659254369
4.0337531429102045 1.6747623627348727 1.5979366437044495
4.98204555088593 1.156653854960395 -0.6570789226198913
1.0039814281410266 0.08831952882775063 -0.4239171081944261
-3.9514354490634194 1.6747623627348727 3.1419275531258015
0.1954656174149032 0.8832936703133256 -3.4724701485306624
4.946303099205442 -1.565812169510696 3.180398754222651
5.024893459965697 1.01915033121046 3.835065595925704
1.1347190081176526 -1.7071112311172092 1.474117610557791
-13.982808576628244 -3.2670642986349505 -10.878257753912148
7.528835957816623 1.01915033121046 3.2801978632537163
-9.016440491433707 -2.393862052190322 -8.489427755932361
-2.364451766163056 1.156653854960395 1.9805647963262722
2.0754113481825454 -2.667600489862653 -0.8416834655146408
2.5802463328014973 1.0107593460715014 0.6090698363365096
8.077779908181949 1.145948084765832 6.320143064438012
6.2570912794582 3.114744998991536 5.667325069452958
3.837943352229542 2.2035766407039135 1.1017883203519567
-2.334654845315255 -0.10471787134843452 -0.5500060649191592
2.4227414168552484 -0.921575988354684 1.7810610623544854
-21.030932897232447 -4.9447562123663005 -11.821179836955983
-0.0313496760130334 2.3767936294958 1.146616006968636
7.182503492541304 0.572974042382916 1.1769502455917875
-10.094763058355039 -4.9447562123663005 -8.954063700237858
-7.949953589551066 -7.071553965921673 -8.351639239421797
-5.8681261741587 -7.520659805745694 -8.784922004640858
4.620001032086501 1.6747623627348727 4.71008224096215
12.180142243416297 2.2035766407039135 6.031935591138263
6.13477300057948 0.5479646091795009 8.339379905374875
-8.164841484452364 -3.393862052190322 -11.925897708304417
-11.060724058670266 -4.9447562123663005 -3.3112240630488254
0.11712568646200339 1.6747623627348727 3.019675990114182
-1.6266560796474887 -3.842967892014344 -5.051119208211509
1.7798836933165658 0.5479646091795009 6.8543966386935615
-2.7471017333332783 -4.9447562123663005 -1.529444742436843
-10.76778173574139 -4.9447562123663005 -3.9165780748613637
-6.5895374193551195 -3.4531357326251784 -9.01245611443634
2.6692951462891172 1.6747623627348727 3.412220050154359
-7.07219169125736 -7.071553965921673 -3.96518863254611
2.139006739790161 -1.395453600810158 4.188030059458113
-7.240907397973229 -4.165275978282994 -2.0307172280262207
4.809817451574481 3.254922657039796 5.530754206987343
-0.304386431859228 -0.34567239497529056 -0.07195800122200113
-10.595765384230221 -6.622448126097651 -11.6412185566113
1.1844513014063303 0.572974042382916 -2.657596699625042
8.993629313575873 1.9630021084583444 4.4114592986345444
-8.21667389605517 -1.633532149317475 0.0
1.1634491994944232 -2.107647422344912 -1.1076474223449118
0.940535154392593 -0.5658121695106961 0.5508941601759784
-8.139159256129046 -4.9447562123663005 -3.3112240630488254
-1.7068169032918306 0.022079882206937657 -1.6556120315244127
0.5527250870409066 -0.10471787134843452 0.7504117526660408
-6.5895374193551195 -3.4531357326251784 -9.01245611443634
4.377001681724255 2.2035766407039135 2.0303573762601093
1.1827408240818282 1.145948084765832 0.041898135620201865
5.3496155668094305 1.145948084765832 2.2035766407039135
7.4301504308620325 1.3817204105951681 2.0303573762601093
1.6819298188572485 0.2601584307142548 3.5384614142308544
-0.7550764691823226 0.5023245115796595 -1.6556120315244127
5.3496155668094305 1.145948084765832 2.2035766407039135
2.21192147499933 -4.942503565565259 -1.1047178713484342
-13.435894716215532 -6.622448126097651 -8.017751140352985
-4.155036572938863 0.17521421889477687 -1.559454364785496
-2.4095105744270713 1.6747623627348727 -1.9764976744763256
6.283839287339 2.2035766407039135 2.4344618011399177
2.470139161495432 2.2035766407039135 3.87802709855347
0.7770334755488293 0.25785220803627373 0.625101733495001
-0.8398818965499724 0.6206392558608191 -1.0318975571446811
1.5697177072047959 1.6747623627348727 5.326710259990132
-4.025565574818175 -6.071553965921673 -8.251425870228207
3.6685090629742794 0.022079882206937657 -1.6556120315244127
2.678944423075264 -0.8637097718446396 1.154360299070925
-5.682777518283468 -4.808899551469166 -3.0404151763729725
-0.6075717830186504 -3.7382500206659093 0.0
4.339038130832515 1.6747623627348727 3.883296007843679
-0.3314312898360081 -1.107647422344912 0.5508941601759784
-1.9186654682251005 0.022079882206937657 -1.2832827413185786
14.17723856768122 2.5479646091795005 0.5508941601759784
-17.10032098088061 -5.694689205520744 -7.223081949279986
10.76370706330249 1.6747623627348727 3.1669954504458344
-4.730077963198238 -6.418871485393737 -0.18149442096662172
-12.3977256870991 -3.0312919728056142 -4.68945563998796
8.993629313575873 1.9630021084583444 4.4114592986345444
4.676450850480723 0.04415976441387531 -2.6455849038813115
3.837943352229542 2.2035766407039135 1.1017883203519567
4.089487117467254 2.2035766407039135 7.302002990457518
-1.5072733082346295 -3.26706429863495 -1.6556120315244127
6.034197294786622 1.145948084765832 2.356710977391753
-1.127847040556499 1.6747623627348727 0.6974548529116498
0.9430550811331151 -2.2920737318383653 1.267182258063877
-3.8513852482359896 -3.2670642986349505 -2.1280821800550753
0.5959501032206261 0.2799320902432114 0.6085600561681783
-7.717613486049914 -4.9447562123663005 -6.622448126097651
8.94696553726529 1.1459480847658319 5.750193005468871
7.16818303876577 1.6747623627348727 1.6526824805279352
4.746871844336248 -0.9808496687895397 2.7077806317249253
-7.68804413672433 -6.622448126097651 -6.52561236912013
3.9111659174066644 0.572974042382916 0.0
-8.139159256129046 -4.9447562123663005 -3.3112240630488254
-18.0877383255257 -4.9447562123663005 -6.104439183979835
0.720101910248037 -0.34567239497529056 2.8706437641473697
-1.6650478398416553 -5.715790147077685 -1.553823711172456
5.664138548256842 1.1890753326527723 3.2324218953259294
1.7353778874454675 1.01915033121046 3.065099266968401
-0.7732372650649009 0.5479646091795009 1.1017883203519567
-9.686978808277404 -4.9447562123663005 0.19618047476555212
-8.139159256129046 -4.9447562123663005 -3.3112240630488254
6.2570912794582 3.114744998991536 5.667325069452958
-12.263351464441962 -4.39160940538928 -5.405182588325759
-11.760486197902823 -6.622448126097651 -9.382778028970499
7.65161609932269 3.0191503312104597 2.595704170323471
5.426902577073464 1.6747623627348727 1.1565246653476793
-6.56661894826298 -6.520659805745694 -5.520659805745694
-12.361507782026877 -3.842967892014344 -3.0939585252769333
5.092074238938977 3.4785819498477566 -0.045637760069487276
3.1044299198440206 1.3410784260978224 5.5558334516871675
-2.9511120782113403 -1.7943982434180246 -0.7688631513108873
3.1015873858996903 2.21428067254245 2.8698927040668627
-0.18309256654622486 0.7561159253766662 1.7681043837149062
3.625703118113553 1.6747623627348727 3.41379385856781
8.077779908181949 1.145948084765832 6.320143064438012
-0.14098954224712962 1.6747623627348727 1.7741746767692455
-4.917633988124669 0.8612137881063879 1.2851078166098895
5.3496155668094305 1.145948084765832 2.2035766407039135
1.9211711292873996 1.145948084765832 2.0311387895487
2.044623715492536 1.1890753326527723 2.839381806863124
-4.7786037471666205 -3.07193395730296 -5.888412082927923
-15.820903712384085 -4.9447562123663005 -4.59819572213419
-4.236464421558776 -4.152853952686527 -2.1707903891280846
8.966041580338002 1.145948084765832 6.191143894758791
8.339117770841336 1.5479646091795005 2.2035766407039135
4.9456255651673215 0.022079882206937657 2.9696304640067983
1.1822732029036795 0.022079882206937657 -0.30943153267359014
5.179931113619724 1.6747623627348727 6.308263671059137
-9.23852897563539 -3.2670642986349505 -6.071553965921673
2.392437422376 1.6747623627348727 3.727648821442939
5.431885221638164 1.01915033121046 2.6267375355242395
10.673194461952395 2.826505253268064 2.253531210885148
0.04362085194134871 0.04415976441387531 0.0
7.057825995790621 1.145948084765832 6.464558529974488
4.956158380980047 1.145948084765832 0.44324673783106616
6.855004391737439 2.2035766407039135 3.9530948782093702
5.9150949816632075 1.145948084765832 1.6526824805279352
1.9572655756508721 1.145948084765832 3.30536496105587
9.075814446393696 0.2601584307142548 0.5508941601759784
-2.0232818258821617 -1.2094357426968687 -2.1047178713484342
2.076003642325252 1.6747623627348727 1.6526824805279352
1.8010212038177182 2.2035766407039135 0.5508941601759784
-3.835933375045655 -4.393862052190322 -5.840668805485668
-3.938798162366514 -2.0605581069345593 0.6792727420025286
2.1448072791407933 -0.5658121695106962 0.37552675802428714
-1.4081606733155758 1.145948084765832 0.0
-3.489938189084476 -3.5206598057456944 -1.5786695523625875
-0.7339867267222032 0.04415976441387531 -1.3271102926848823
-0.7877437178306237 0.022079882206937657 -1.4247268710884085
7.8780301889014925 0.0 1.2729570243837398
7.123374354994496 1.6747623627348727 2.0841096222191013
6.2509529361212035 1.4903360532414194 1.9918882512060025
-2.272853000020344 -3.2670642986349505 -1.6556120315244127
5.97447394537328 1.6747623627348727 4.110983261978561
-5.108979712367498 0.44617628882754384 -2.429661629550635
1.9732049870291295 1.3817204105951681 1.1017883203519567
-8.468142040818588 -4.393862052190322 -12.115084870152042
0.9396697097532056 1.6747623627348727 1.3956198254937973
-8.105070272515059 -4.9447562123663005 -2.0456200198631023
7.1209982839816615 1.6747623627348727 4.120308187094615
6.715636296667886 2.2035766407039135 4.423749179922092
5.326891061514811 2.2035766407039135 0.5479646091795009
3.3044840696604827 1.01915033121046 2.0166007715952694
6.063433704952991 1.145948084765832 1.6526824805279352
0.3285749772642901 -1.633532149317475 -3.181494420966622
0.8474945417154651 2.2035766407039135 -0.5538237111724559
-20.89578461468233 -2.8088995514691657 -0.7603299028728471
4.344770143724911 0.48801911021478084 3.619896890004871
-4.507742827227365 -4.9447562123663005 -0.8811942067691971
-6.964582762411307 -4.393862052190322 -5.152907528563466
4.940728729561852 1.6747623627348727 3.001667954708869
-0.7768750595199911 -6.622448126097651 -0.6192910441781927
2.2257707230828 3.0191503312104597 0.3669935095862472
2.263083722281319 0.2601584307142548 3.41379385856781
-4.60934810648346 -3.2670642986349505 -5.11415555490489
2.434027986681762 1.1459480847658319 0.38246303793872716
8.08684191909727 -0.10764742234491209 4.193641026153393
-13.992875127593608 -4.9447562123663005 -11.589284220670889
-7.5200464132218565 -6.622448126097651 -6.622448126097651
-1.8206107970707994 0.21428067254245042 -1.6702974242705784
5.606827442389643 2.2035766407039135 1.4794632160841308
7.969608350457777 1.6747623627348727 8.352122541982718
2.407787495427622 0.8529061326261275 2.0256596877530586
2.098194396756619 1.6747623627348727 2.0250117707337694
7.586867802295097 0.01915033121046017 3.471351467290133
4.2589940523266465 1.5479646091795005 2.2035766407039135
-11.491878764757718 -2.8088995514691657 -4.599191509653529
5.290337295888152 1.145948084765832 2.5759059309097476
4.94166418965301 1.145948084765832 0.5508941601759784
4.273951490200962 1.145948084765832 2.926420918200266
0.04322281373973591 1.8126441395100688 -1.2190130126344403
21.098989668432388 -1.19442232394251 0.0
-2.9619239803018487 -6.393862052190322 -4.234189359636979
-24.18069054524627 -3.2670642986349505 -3.3112240630488254
-4.3645718274036405 -4.9447562123663005 -8.480359875413994
-0.12067917134018002 0.022079882206937657 -2.9937070516414312
-0.21005597482811847 1.145948084765832 -4.426645966235797
1.8349189587847152 -0.5551081376721592 5.57255056979036
-8.512237284276846 -3.2670642986349505 -8.871134407137218
-8.77000521930156 -3.393862052190322 -8.994611486759847
2.709979587883932 1.5479646091795005 0.9796084889086182
3.382127343669459 0.01915033121046017 4.668994577998369
3.056890490255689 2.478580211491731 4.6952398438743845
-5.053456741833247 -4.393862052190323 -4.760329902872847
6.916982466796473 1.6747623627348727 6.114761696442737
-3.1263041495009634 -3.26706429863495 -1.6556120315244127
-0.8142378154033355 0.022079882206937657 2.527985386258552
9.527423278010673 1.145948084765832 8.544224984730215
0.3285749772642901 -1.633532149317475 -3.181494420966622
-2.664010738506999 -3.2670642986349505 -9.994330791166249
-11.035488258090988 -4.9447562123663005 -4.41594193439726
11.087138426506543 0.7561159253766662 6.31317107174402
4.894811039275374 0.022079882206937657 0.5508941601759784
1.0423381637976714 1.6747623627348727 0.5508941601759784
7.404375346942036 0.01915033121046017 5.05874613494841
-9.23852897563539 -3.2670642986349505 -6.071553965921673
1.6819298188572485 0.2601584307142548 3.5384614142308544
-15.724095302679792 -3.8088995514691657 -2.256741457475225
-8.982980215374868 -3.2670642986349505 -12.897346415586549
2.680493892261738 0.0 0.3443885676499151
-5.313116571082347 -2.4803978126296355 -10.245042910882484
1.9135298634700164 0.572974042382916 6.428040775065856
-5.053456741833247 -4.393862052190323 -1.6556120315244127
6.046957062369011 1.910534688564209 4.365072828080803
-2.1337216337353797 2.2035766407039135 -4.476881232010631
-9.23852897563539 -3.2670642986349505 -6.071553965921673
3.1629326277803127 1.6747623627348727 -2.030783569371449
1.1827408240818282 1.145948084765832 0.041898135620201865
0.3940519356350596 0.04415976441387531 2.7522681306197927
5.955342566910617 0.0 6.3380774841409
1.25012704364174 1.6747623627348727 1.1017883203519567
-4.612149507554558 -4.9447562123663005 -6.688925914952477
2.7799095419121196 1.6747623627348727 2.7807372598978515
-0.19411357744807067 0.022079882206937657 -1.8268957731722657
-0.44832739960645984 -0.3235925127683529 -2.138786211893612
-8.308141117398 0.0 0.48024462937272183
9.69114059209849 2.2035766407039135 0.5508941601759784
-20.71348058398852 -3.2670642986349505 -4.966836094573238
7.4218292958038585 0.5479646091795009 5.923546681436753
4.168368621932661 1.145948084765832 4.785609590428592
5.326891061514811 2.2035766407039135 0.5479646091795009
2.302355120341517 1.145948084765832 0.5508941601759784
0.9220710453337353 -6.165275978282994 1.6526824805279352
7.310135979477681 -1.1312076377378155 0.37767489573217405
11.738361397512694 1.145948084765832 2.876466348019031
5.165854505238301 1.910534688564209 3.216027845302268
1.4768609028614343 1.6747623627348727 1.9465139856697755
5.431885221638164 1.01915033121046 0.7995530405303859
-2.982425706955655 0.2821847370442536 -1.744803586881339
2.6398538375671485 -1.6364617003139523 0.44617628882754384
-8.8347877793248 -3.2891441808418875 -1.692609923066068
0.10800143100838047 -2.1652759782829936 -2.780721413964229
4.03995906683576 1.6747623627348727 3.982744969901905
4.071157996209112 1.145948084765832 1.3255721878430529
7.464816413616623 1.145948084765832 5.138131953390788
9.578794005238008 1.6747623627348727 1.7681043837149062
3.6416797738126454 1.5479646091795005 1.9275586000590628
6.283127763939542 1.4903360532414194 8.031382725127756
5.199144031298428 -1.633532149317475 0.0
-3.938798162366514 -2.0605581069345593 0.6792727420025286
8.966041580338002 1.145948084765832 6.191143894758791
5.9150949816632075 1.145948084765832 1.6526824805279352
-3.712918702577384 0.49033605324141916 0.15382451818761045
3.1730679411302507 2.2035766407039135 2.7544708008798917
0.705437312982101 0.04415976441387531 0.8941164047872013
-4.563063605015395 -4.9340504421717375 0.8621561692564728
-3.0570035757570073 -3.656896458024116 -1.7430543031248846
-8.139159256129046 -4.9447562123663005 -3.3112240630488254
6.948933162631344 0.0 2.800890036116406
-1.672332887149619 -1.6364617003139528 0.8349583766615849
9.468186324558317 2.2035766407039135 0.21721022353892797
-2.710695027953876 0.022079882206937657 0.0
-8.139159256129046 -4.9447562123663005 -3.3112240630488254
7.533675391237655 1.132927109900657 0.44617628882754384
0.11657960903936493 1.910534688564209 2.3618499904489285
0.8132351928335178 0.08831952882775063 0.5421055071865456
-20.236960329804194 -5.1056223064668504 -11.58530681643226
4.071157996209112 1.145948084765832 1.3255721878430529
3.4164448083771073 1.7561159253766658 5.177754796517336
4.817695842536821 1.0752985539625755 4.462079215914801
4.746871844336248 -0.9808496687895397 2.7077806317249253
1.1946710161812948 0.04415976441387531 1.0311387895487
6.034197294786622 1.145948084765832 2.356710977391753
2.761921567138494 2.2035766407039135 1.5479646091795007
2.768679159456979 0.2821847370442536 -0.8235832058593059
-7.334003377749163 -4.187355860489931 -1.39356408058627
3.4164448083771073 1.7561159253766658 5.177754796517336
2.6991338909295037 1.145948084765832 2.0784445043270567
-1.8206107970707994 0.21428067254245042 -0.4921519160232975
-7.415384454360537 -3.842967892014344 -4.8645085533345265
-2.2475101436379665 0.0 -0.8416834655146408
2.076003642325252 1.6747623627348727 1.6526824805279352
-2.7680855381776586 -5.292073731838365 -1.6556120315244127
3.02254780419774 1.6747623627348727 2.580486751223728
-10.70902416868291 -5.3345883717554665 -9.169978888911539
0.3314806062835334 0.01915033121046017 1.1017883203519567
1.6094131718437965 -1.1312076377378155 0.991881787716266
7.250668703889436 -4.165275978282994 11.330470317647404
-6.5895374193551195 -3.4531357326251784 -9.01245611443634
9.301420766308114 2.2035766407039135 0.0
1.1585277912387297 0.5334633011283596 2.673712291179748
16.550739206665703 2.2035766407039135 0.5508941601759784
0.3285749772642901 -1.633532149317475 -3.181494420966622
-11.103808077053122 -4.152853952686527 -3.043612644191426
1.4110358611716385 -0.45203539082049915 3.785609590428592
1.563920647944824 1.0191503312104597 0.70109894586734
-1.9797434567652918 -4.656516466642829 -4.345292403594003
6.063433704952991 1.145948084765832 1.6526824805279352
2.2257707230828 3.0191503312104597 0.3669935095862472
6.283839287339 2.2035766407039135 2.4344618011399177
9.429494819451266 2.2035766407039135 1.1017883203519567
-8.781921810780515 -1.3938620521903222 -4.966836094573238
4.22308009011201 1.6747623627348727 -4.974892529134271
7.603332177226978 2.2035766407039135 1.391716437190984
-11.918769017426651 -7.071553965921673 -6.071553965921673
0.7499587832452373 1.053218671755638 -0.2094357426968686
5.885807972950869 1.145948084765832 0.41210794828236597
0.8908901212515058 2.2035766407039135 1.7013296908619582
-2.664010738506999 -3.2670642986349505 -9.994330791166249
-7.027933113980324 -6.622448126097651 -8.278060157622063
-2.1982252832280764 0.022079882206937657 -0.45264117476874116
-6.322957138324995 0.022079882206937657 0.7681043837149063
9.456291531435674 1.145948084765832 6.320143064438012
6.915844162734829 2.2035766407039135 1.446176288827544
3.9076398927986182 1.044355671100138 3.549838819990313
5.856059936617909 0.022079882206937657 1.7361044056665718
-1.1465911166339757 0.7403494842100378 1.0763549905451368
6.0332795288067755 -1.0826379891414968 1.6798802731228233
4.641673823706855 2.2035766407039135 2.7544708008798917
1.1454091722933053 1.6747623627348727 0.9970704490035223
-0.5050594082100973 -3.107647422344912 1.1666403775816878
-0.21005597482811847 1.145948084765832 -4.426645966235797
-8.781921810780515 -1.3938620521903222 -4.966836094573238
1.795625302163176 0.022079882206937657 -0.3962042543025952
1.6863293296939408 0.08831952882775063 -1.1047178713484342
-3.1133207890865844 -0.9808496687895402 -5.293535186585117
0.8475716067555448 1.145948084765832 0.5508941601759784
6.304335395660034 1.6148186021261792 2.5491905715625864
6.2570912794582 3.114744998991536 5.667325069452958
-1.7155581817358345 1.6747623627348727 2.5759059309097476
3.758365138565428 1.6747623627348727 2.05796083086409
-5.053456741833247 -4.393862052190323 -4.760329902872847
3.3010622599993407 0.04415976441387531 3.3842056739847624
9.456291531435674 1.145948084765832 6.320143064438012
2.3830541535423966 1.6747623627348727 -0.0029295509964775146
-5.3868275352216335 -4.9447562123663005 0.0
6.034197294786622 1.145948084765832 2.356710977391753
3.9177656787460227 1.01915033121046 3.6443105288220785
12.28944628692128 1.892352577655088 4.007396227816798
5.917559891844704 1.145948084765832 1.7681043837149062
11.93380039147148 0.01915033121046017 5.398607036969212
6.063433704952991 1.145948084765832 1.6526824805279352
7.554106107501889 2.2035766407039135 4.503989038385349
2.2772200753260443 1.6747623627348727 1.773667571817985
8.668291496017714 2.2035766407039135 6.033060879633164
1.260129273191642 1.01915033121046 3.655616499867553
7.545079592911349 3.0191503312104597 1.3189985438908847
5.606068893303427 2.134627548630396 4.606301191323089
6.063433704952991 1.145948084765832 1.6526824805279352
6.57735838143252 1.6041128319316162 -0.9547179743359667
7.045913249024361 -0.8416298896377019 -1.8339089846725818
21.098989668432388 -1.19442232394251 0.0
-0.6075274612711812 0.0 -0.026293859703118816
-1.662801862976311 -0.7178152629557463 -2.0237699624170613
5.655653499968272 1.066815544688363 3.251555057443268
-0.3753772820816197 0.08831952882775063 -0.47247014853066277
2.956785673439348 1.156653854960395 1.9285391534772307
2.505371802054609 0.3431052803319103 2.6229075717733625
5.9150949816632075 1.145948084765832 1.6526824805279352
5.960593889425934 0.4773150783762441 4.558290387992777
3.3360181377006746 1.3817204105951681 5.229302359216312
5.364921876663916 1.01915033121046 9.822851138960415
4.863569213410075 1.6747623627348727 8.740813963324026
7.0120528963705535 2.2035766407039135 6.0846200017465515
-3.1628853397590424 -4.9447562123663005 -3.3112240630488254
-6.604494623747676 0.022079882206937657 -4.865047774221281
-8.966207556977187 -4.978824552911479 -3.473951681014153
1.9294326250475806 1.6747623627348727 -0.0029295509964775146
16.550739206665703 2.2035766407039135 0.5508941601759784
6.834522431361425 1.6293181718212941 4.752498200393444
10.679533307007889 3.21428067254245 4.854006536309242
3.7640221969100534 0.7561159253766662 1.2212220059277206
-5.721250753169554 -5.706731239735922 -1.4987255599754659
4.257011161095011 2.1329271099006566 0.8549899741084184
-4.60934810648346 -3.2670642986349505 -5.11415555490489
2.9368803498703984 2.2035766407039135 2.2820006523492293
7.682313162194643 0.572974042382916 4.8622126004856945
2.41662108336499 2.2035766407039135 0.547964609179501
4.2296865646662924 2.2035766407039135 -0.2274765735305487
2.5002540872834795 1.145948084765832 2.2035766407039135
2.426540381343063 -0.5658121695106962 -0.7867009623495999
0.5714753109135644 1.0191503312104597 -0.06647778885482603
3.103934645101332 0.572974042382916 0.7817793206119826
8.824929476214463 1.6747623627348727 0.240153520483125
-14.211774641916861 -3.2670642986349505 -10.878257753912148
6.063433704952991 1.145948084765832 1.6526824805279352
6.916982466796473 1.6747623627348727 6.114761696442737
0.44762602560356357 -3.2670642986349505 0.5780919527708664
-4.907273698762868 -4.9447562123663005 -1.6556120315244127
-6.889880962227505 -4.152853952686527 -7.196663348361489
-27.625568921035995 -4.708983886536965 -4.775232632831292
2.1726663775426194 -1.3027777636769025 2.6931419954740687
-0.8545908277066943 1.6747623627348727 -1.553823711172456
-8.982980215374868 -3.2670642986349505 -12.897346415586549
-0.17026073373169426 2.2035766407039135 -1.107647422344912
-12.263351464441962 -4.39160940538928 1.6526824805279352
-5.080128251201658 -3.0312919728056142 -6.177053250558698
5.249229617419363 2.477315078376244 -1.7722770708584437
3.7929250051828443 1.145948084765832 1.1017883203519567
-7.77096038125827 -3.2670642986349505 -6.000904435118416
-0.7483060496321337 0.08831952882775063 0.0
1.0172060839396067 0.0872870123008157 0.0
4.160837027169391 0.5508941601759784 1.1255309439622956
-2.9142761237595556 -5.4279303927355 -4.000904435118416
2.4963244353639116 -1.633532149317475 1.5096975705144147
0.6154384332512021 3.5479646091795005 2.616101290269856
9.622328691528416 1.145948084765832 6.185043771166681
4.071157996209112 1.145948084765832 1.3255721878430529
-8.455739972177952 -6.071553965921673 -2.0103257169348385
-0.6228036118429683 0.7561159253766662 2.122792348728702
5.9150949816632075 1.145948084765832 1.6526824805279352
-4.582569364984776 2.4682561710344815 -3.3112240630488254
4.2589940523266465 1.5479646091795005 2.2035766407039135
3.43560100676817 0.022079882206937657 4.143252888713932
5.290337295888152 1.145948084765832 2.5759059309097476
-0.5494534936714761 -5.393862052190323 -1.3760096316202244
4.368137551506697 1.145948084765832 2.2035766407039135
0.914925145787837 1.6747623627348727 9.948534693282145
4.8290255536910465 1.6747623627348727 2.2035766407039135
3.915698470050659 0.10050389385225345 4.041898135620202
4.304889122607384 2.2035766407039135 3.5060684401566755
4.893167034607796 2.2035766407039135 3.9687514734223415
1.1540285139201623 -2.023364308706641 -0.04182837333473577
8.450962075117166 0.6041128319316162 8.692158131871466
0.8177860655368929 1.145948084765832 4.616626970136365
5.380281100917637 1.6747623627348727 6.341458417479108
5.873115852678756 1.145948084765832 1.7681043837149062
6.562130475157572 0.9630021084583443 4.823808318860138
7.886828309840784 1.01915033121046 0.5820329497246786
-1.9886576158334266 -6.165275978282994 -4.760329902872847
-8.098065959425117 -6.071553965921673 -2.168014420953674
3.9342296691831993 1.6747623627348727 0.7733040458561405
-0.30178608704207777 0.572974042382916 1.4366730938788983
-5.446870110766251 -4.978824552911479 -2.162410723512112
2.6411634496054024 1.6747623627348727 -0.6562889357198481
4.440748967308093 1.145948084765832 5.231785879256137
6.2509529361212035 1.4903360532414194 1.9918882512060025
5.565297969492208 2.2035766407039135 1.446176288827544
6.115247049419228 0.0 1.8185055790333782
4.263538250279913 -1.3027777636769025 2.6911742512746515
0.3655489468287112 -1.0826379891414966 0.0
-0.7307845069092774 0.0 -2.3796209470510394
-4.024914400585329 0.5023245115796595 1.1776994822843716
-7.4170572559800085 -4.152853952686527 -2.9753693430112786
-18.303034681357964 -7.071553965921673 -3.3112240630488254
-4.267603211107477 -6.622448126097651 -4.966836094573238
6.2509529361212035 1.4903360532414194 1.9918882512060025
4.708818291457852 1.6747623627348727 3.4261038096049643
-8.982980215374868 -3.2670642986349505 -12.897346415586549
-11.973541445181498 -5.520659805745694 -10.70551260076121
-1.233163747719573 0.5508941601759784 -4.111846120464819
1.931233457073981 -0.45203539082049937 3.990846635005552
1.6070073742639372 -0.7603299028728471 0.0
21.098989668432388 -1.19442232394251 0.0
3.056890490255689 2.478580211491731 4.6952398438743845
-18.95132275867063 -6.622448126097651 -5.935697305024538
15.555750190934951 2.5479646091795005 0.5508941601759784
-0.5325853101896484 0.5023245115796595 -1.5928446150920688
2.9028095241696747 1.6747623627348727 2.7544708008798917
2.165032163708876 0.2601584307142548 2.9285403957439353
-0.21005597482811847 1.145948084765832 -4.426645966235797
14.965521289246393 0.5045771583807017 5.5365018097449825
-15.699489466151629 -4.9447562123663005 -4.895416718351897
15.555750190934951 2.5479646091795005 0.5508941601759784
0.2446846429323613 0.022079882206937657 -1.445547859186692
1.9211711292873996 1.145948084765832 2.0311387895487
5.4097029211205285 1.145948084765832 6.895919910390067
-13.5940781816193 -2.7161701384589723 -22.381685233986023
1.4544776772677455 3.4773150783762437 1.2960922905298822
12.308816753026678 1.0191503312104597 7.164716266623971
3.403363813379993 1.6041128319316162 1.6526824805279352
12.437558986091908 2.2035766407039135 8.168135172210256
7.77046071688183 0.572974042382916 5.91856458610442
-2.272853000020344 -3.2670642986349505 -1.6556120315244127
-5.715360839248873 -6.071553965921673 -5.044895332335103
2.6342894831544803 2.2035766407039135 -0.2530072781906923
-2.664010738506999 -3.2670642986349505 -9.994330791166249
7.6075365186279145 0.08831952882775063 1.7681043837149062
0.2529795295981381 -3.760329902872847 -2.138786211893612
-14.838032700569427 -5.783694211579489 -5.661903553119243
4.906157152976714 1.6041128319316162 4.783247157087827
1.0506133632413934 -5.520659805745694 -1.6556120315244127
-10.868718077022676 -2.8088995514691657 -3.3379394223959866
-2.2020257251581214 -4.486591465200516 -0.45247987803655754
3.997649115541325 -1.6676004898626529 0.11312078183134522
0.9623042503745685 0.0 3.1466160069686357
-9.350434158448817 -6.622448126097651 -5.097053638108521
4.368137551506697 1.145948084765832 2.2035766407039135
3.622824410164692 1.6747623627348727 0.08874979045859133
6.316238879792122 1.6747623627348727 7.14974042034774
-1.8609376635344894 0.022079882206937657 -3.3112240630488254
6.916982466796473 1.6747623627348727 6.114761696442737
10.576152600913595 1.6747623627348727 6.521564728745709
-5.848697607324298 -2.743052227082142 -3.136497316501276
1.3973890393208768 1.6747623627348727 0.44617628882754384
-8.455739972177952 -6.071553965921673 -2.0103257169348385
1.482313731330115 0.04415976441387531 -0.2596505157899619
-2.624735684479291 -6.393862052190323 -2.4118751460556664
-8.589567305195828 -2.7161701384589723 -5.345292403594003
-18.029973352343344 -6.622448126097651 -4.673004589431398
3.7929250051828443 1.145948084765832 1.1017883203519567
5.566939786879086 3.0191503312104597 -0.7146710509472911
1.3201808953465122 1.145948084765832 4.071009671875254
4.257773529182268 1.145948084765832 2.3949510598853614
-3.0881935902879456 -3.393862052190322 -2.4213290208736735
4.257773529182268 1.145948084765832 2.3949510598853614
1.9641740696328307 1.145948084765832 -0.11618067078295224
-20.71348058398852 -3.2670642986349505 -4.966836094573238
6.49529463512492 1.145948084765832 6.580042609031846
-11.97684933261239 -4.9447562123663005 -6.969280710576227
-9.917364167416087 -4.071553965921672 -1.3617805263825724
-5.683938731600973 -3.393862052190322 -7.054822869050515
4.273951490200962 1.145948084765832 2.926420918200266
1.0580596863109424 1.6747623627348727 2.6913278340967186
-0.8845980164230015 0.7561159253766662 2.1669954504458344
-4.90505140639059 -4.9447562123663005 -3.3112240630488254
2.617790586499574 1.5479646091795005 0.715553220010265
-19.22900480413316 -5.80851956008788 -4.843284978248556
0.10800143100838047 -2.1652759782829936 -2.780721413964229
1.2673563430512012 1.4903360532414194 0.5508941601759784
2.3182176015778486 0.36353829968604695 4.175272857217362
-0.3753772820816197 0.08831952882775063 -0.47247014853066277
3.3010622599993407 0.04415976441387531 3.3842056739847624
4.032731618947666 2.490336053241419 0.5820329497246786
-4.90505140639059 -4.9447562123663005 -3.3112240630488254
-10.901352839907462 -4.9447562123663005 -10.83935380815156
0.2093007748401948 1.032839228278439 -0.05743264925181868
6.916982466796473 1.6747623627348727 6.114761696442737
4.759324704899321 1.145948084765832 3.332562753650758
-11.529105826072104 -5.486591465200517 -1.6556120315244127
7.523796012636172 1.6747623627348727 7.745589695940518
-4.90505140639059 -4.9447562123663005 -3.3112240630488254
4.849480653046722 0.0 -1.6556120315244127
1.7814151468519588 0.0 0.9415565199538857
-13.010510732632934 -4.060178115553272 -0.13472749369708747
5.290337295888152 1.145948084765832 2.5759059309097476
3.764108118473465 2.478580211491731 3.2347154302526135
-11.225007344143398 -4.9447562123663005 -5.387919056191979
-0.6126610352708415 -1.633532149317475 -2.7067312397359222
-3.8097384837315307 0.572974042382916 0.5508941601759784
-0.17846257633721274 1.3410784260978224 2.6720654283269467
6.063433704952991 1.145948084765832 1.6526824805279352
3.6586980479515696 2.2035766407039135 2.400352106532678
-8.300371983790201 -4.9447562123663005 -16.12595261664491
2.210256388742635 1.6747623627348727 -0.6692450151850994
0.5136438827232607 0.6543276050247093 3.491003975444223
-0.8550422247834262 1.9030566094936248 -2.450010274942438
11.645411865027105 2.01915033121046 6.5060120507633075
-26.001258397781033 -4.9447562123663005 -32.56134647031228
-1.7386313279979615 0.01915033121046017 1.1763579337477732
-7.079332246919093 -6.622448126097651 -4.966836094573238
1.9211711292873996 1.145948084765832 2.0311387895487
-18.95132275867063 -6.622448126097651 -5.935697305024538
-14.68107057992528 -3.1987317108583317 -1.1993906594771926
6.828932775882718 0.01915033121046017 2.91182154167479
0.5578815147101188 1.6041128319316162 -1.1179731392797514
-15.520321883035798 -6.622448126097651 -16.696068818821633
2.546774140898362 1.145948084765832 2.9350998341607406
8.187962339710488 1.0622775790974004 3.096345919642578
-6.996289745721111 0.572974042382916 -4.312437616831904
9.955011454136917 1.9630021084583444 6.858609424768424
0.24303526715095936 0.6322477228177716 4.816188952938557
11.688058773618042 1.6747623627348727 0.9970704490035223
0.3285749772642901 -1.633532149317475 -3.181494420966622
-5.4620760708880285 -3.7161701384589723 -4.34684600618217
-8.982980215374868 -3.2670642986349505 -12.897346415586549
7.6075365186279145 0.08831952882775063 1.7681043837149062
-21.66454542148349 -4.9447562123663005 -6.273026694554467
-0.5046634525004157 0.05486553460843836 1.0242682415984103
4.071157996209112 1.145948084765832 1.3255721878430529
-0.36070152690276125 0.9630021084583443 -1.4036189254810938
0.7310988989135698 -3.323212521387066 2.926922297132812
0.48727061416824724 2.2035766407039135 2.8640336020739072
5.9150949816632075 1.145948084765832 1.6526824805279352
2.03389454389057 -1.1047178713484342 1.0311387895487
5.3496155668094305 1.145948084765832 2.2035766407039135
1.850975773998953 1.145948084765832 1.217210223538928
8.522266035524453 1.6747623627348727 2.2035766407039135
6.063433704952991 1.145948084765832 1.6526824805279352
4.940728729561852 1.6747623627348727 3.001667954708869
1.4375563393230202 -0.10471787134843452 1.4033712845714956
2.1448072791407933 -0.5658121695106962 0.37552675802428714
-8.709301229173121 -4.152853952686527 -2.654396989099159
-7.867243024395296 -6.622448126097651 -7.051135548073107
8.966041580338002 1.145948084765832 6.191143894758791
13.457911487561281 2.2035766407039135 1.7681043837149062
-7.081950308000604 -6.622448126097651 -4.735950934137234
-4.151036851879859 0.022079882206937657 -2.7028050974960682
5.917560673359735 2.2035766407039135 4.284973449964489
2.407787495427622 0.8529061326261275 2.0256596877530586
-5.265350564306434 0.022079882206937657 1.1831418829937501
15.662382559983048 1.6747623627348727 3.159139118349989
-1.199173487701951 0.022079882206937657 -0.8108863662065939
5.872587463104539 1.6041128319316162 0.7550639612648213
8.01356620877118 0.8109990150132943 -0.13112375244804741
4.601128563528265 2.134627548630396 1.6945806161481367
-2.406794951441062 -0.5538237111724559 0.45988265023923725
-3.703770048761107 1.6747623627348727 2.7544708008798917
9.839358954105306 1.6747623627348727 3.856259121231848
6.49529463512492 1.145948084765832 6.580042609031846
4.956158380980047 1.145948084765832 0.44324673783106616
-5.944204307260538 -3.350734804303382 -6.591309336548951
3.4111587869037923 1.6747623627348727 1.6263886208248164
5.655653499968272 1.066815544688363 0.0
1.4318880405986905 0.08831952882775063 0.34972063215600835
4.985875408178821 1.6041128319316162 1.1206215653282052
4.959147711556245 1.145948084765832 6.768354560330497
7.6075365186279145 0.08831952882775063 1.7681043837149062
-13.5940781816193 -2.7161701384589723 -22.381685233986023
1.1982367211126788 0.23929010574586562 1.7285936424603499
4.641673823706855 2.2035766407039135 2.7544708008798917
-7.712507646577449 -5.715790147077685 -8.149074044675219
2.2257707230828 3.0191503312104597 0.3669935095862472
4.284721064053427 2.134627548630396 5.558723955251003
-6.571632620929781 -6.622448126097651 -4.8491615445852245
1.1298895975630565 0.36353829968604745 2.7447605676900064
9.320363616874328 1.6747623627348727 6.245419462091151
0.6976831093396179 0.0 0.4984965792934039
2.6692951462891172 1.6747623627348727 3.412220050154359
4.219865288526297 1.6747623627348727 1.6526824805279352
6.49529463512492 1.145948084765832 6.580042609031846
2.9028095241696747 2.2035766407039135 1.6526824805279352
3.4877691827942026 1.6747623627348727 0.21592753539525067
9.12719026052244 1.145948084765832 10.260278435907559
6.046957062369011 1.910534688564209 4.365072828080803
6.142246095545532 2.2035766407039135 2.8013236033746325
0.9683624256765819 1.1459480847658319 2.4810414309622844
3.1472384388240484 1.01915033121046 1.474117610557791
0.32511640444324374 -1.6556120315244127 2.2525207550360586
7.464816413616623 1.145948084765832 5.138131953390788
2.2257707230828 3.0191503312104597 0.3669935095862472
-5.8089448598872835 -4.978824552911479 -4.966836094573238
3.9111659174066644 0.572974042382916 0.0
-18.303034681357964 -7.071553965921673 -3.3112240630488254
4.188841056286066 2.2035766407039135 4.663624664593078
1.3451574357373293 2.134627548630396 1.4121079482823662
5.745148795577084 1.6747623627348727 4.076621622186921
-2.5031935188942303 0.572974042382916 -4.0984249229898655
-0.5328080427521638 -0.5551081376721592 -0.8290513888437514
5.989019152103383 -2.7382500206659093 -1.1110647071762285
7.059619228790866 0.7889727086832955 0.34268437986219535
0.26618537949878973 1.6747623627348727 1.807277857017524
2.1122599439190415 -1.3452924035940033 1.837338824009627
3.1183804934313977 -3.26706429863495 1.7681043837149062
5.388941999494693 2.2035766407039135 2.2035766407039135
11.087138426506543 0.7561159253766662 6.31317107174402
3.758365138565428 1.6747623627348727 2.05796083086409
4.376566166013118 -0.866639322841117 1.7904146073184317
-5.0353549370886475 0.572974042382916 0.0
7.572498703635633 -1.6364617003139523 4.5336391300778836
9.622328691528416 1.145948084765832 6.185043771166681
-2.2890882430662343 -3.393862052190322 -3.040415176372972
3.7180195416696797 1.145948084765832 7.025287889147727
7.3004303786736084 1.6747623627348727 3.2014359996771926
1.6778610186483043 0.2601584307142548 1.173219326322241
-1.3241314252408793 0.572974042382916 -0.5538237111724559
0.8632059290300309 -0.34567239497529056 3.916355185922159
0.3285749772642901 -1.633532149317475 -3.181494420966622
1.9512864850909408 1.6041128319316162 2.2307744332988015
1.4244552632253271 -1.107647422344912 1.0618608778138237
-7.315053722407158 -5.071553965921673 -9.235186019005416
10.439293749622895 1.6041128319316162 6.248161588752449
-14.93014257136572 -6.622448126097651 -7.19826734551471
5.564377746528615 1.2849302033457068 3.6715157255041833
1.6583335286093532 -3.0514991995927967 1.3189393383297083
-1.9886576158334266 -6.165275978282994 -4.760329902872847
5.183078371437068 1.6747623627348727 2.5930098626050815
0.49809484519566916 1.6747623627348727 2.572217013142961
2.8532492805174954 1.6747623627348727 3.982744969901905
-8.410452046840135 -6.622448126097651 -4.41594193439726
8.512904475037933 1.6747623627348727 1.1017883203519567
3.882418013078293 2.663441826599436 0.0
1.0739523760205554 0.5479646091795009 1.2208543164946186
0.6160200810170633 -0.08263798914149686 2.669001257381191
4.3132292632979645 0.1553869834888814 8.4638126450428
-5.116229332284075 -4.9447562123663005 -4.865430790537764
-13.162909716509011 -1.4051825883257583 -3.3112240630488254
1.5172068757635602 1.6747623627348727 1.5191131415071824
1.91387587252894 0.7340360431697285 3.982744969901905
-0.5779288833769666 1.0191503312104597 2.4066655475729872
0.940535154392593 -0.5658121695106961 0.5508941601759784
3.1430637026417565 2.2035766407039135 0.0
7.310135979477681 -1.1312076377378155 0.37767489573217405
-9.072011999953418 -5.656516466642829 -10.152750504078696
6.063433704952991 1.145948084765832 1.6526824805279352
0.29262017921103767 2.3767936294958 1.474117610557791
-2.664010738506999 -3.2670642986349505 -9.994330791166249
6.063433704952991 1.145948084765832 1.6526824805279352
6.034197294786622 1.145948084765832 2.356710977391753
4.032731618947666 2.490336053241419 0.5820329497246786
-2.664010738506999 -3.2670642986349505 -9.994330791166249
1.8260954307674475 2.2035766407039135 3.856259121231848
-4.552757924812708 -3.9356973050245383 -8.337517922751944
1.5797280541058845 0.5508941601759784 1.6092307423195666
2.4274453143924126 1.6041128319316162 1.711338612362255
0.15777049193338089 1.7178896106218131 5.742097181608436
10.551347874418573 1.145948084765832 4.098274340546681
-5.7266628135551105 -3.2670642986349505 -6.193733797365011
-11.218475041977472 -5.3345883717554665 0.0
-2.276136459545517 -5.393862052190323 -3.6085870123396555
4.89821844349242 2.478580211491731 2.728176941176773
-1.2387166845556816 0.022079882206937657 0.23674054613067497
2.0647665093702563 0.01915033121046017 -1.0029295509964777
5.291276620971945 1.6041128319316162 5.516629432987591
-12.942639056611364 -4.9447562123663005 -6.4020153092470755
-3.198394150456102 -3.9788245529114787 -4.03743031114353
1.4890405708029884 1.1459480847658319 2.97332788727162
-2.224232494171365 -0.6896803720695908 -0.6244732419757125
-0.7483060496321337 0.08831952882775063 0.0
-6.635490538819849 -4.9447562123663005 -3.473951681014153
2.084154101205114 1.5479646091795005 -2.261196714290912
-0.6057586475676799 -1.4384018079854848 1.217210223538928
4.16882064576902 2.409579281897301 4.039588763058568
2.1602027755832522 2.2035766407039135 2.1546899058733833
11.738361397512694 1.145948084765832 2.876466348019031
-13.162909716509011 -1.4051825883257583 -3.3112240630488254
-4.061853914223072 -0.08263798914149686 1.024413700695644
2.488922027201139 -3.772578564122946 0.46557219989521353
4.985455053726043 2.2035766407039135 1.1017883203519567
6.742853595778198 0.8109990150132943 -2.239903393281827
8.824929476214463 1.6747623627348727 0.240153520483125
-6.26700585536478 -6.622448126097651 -4.4902180938124925
-8.03849508496727 -3.256358528440387 -6.513435027726398
15.555750190934951 2.5479646091795005 0.5508941601759784
7.632295110407517 0.062277579097400504 0.9407463973018833
-1.6560721997188415 -0.8247857811052228 -0.17612616974767237
1.5975873885396112 0.6647990202746945 1.6526824805279352
0.7259203127618867 -1.0826379891414966 -2.2378877198172358
2.3687477691119145 2.2035766407039135 1.7613792948618507
4.199543465577335 0.022079882206937657 -5.096943390506375
5.431443745698155 1.145948084765832 5.244136773947473
1.4318880405986905 0.08831952882775063 0.34972063215600835
1.937208853061692 1.6747623627348727 4.041898135620202
2.166858150516991 -0.8768036159709696 -1.74598177807862
1.333745095300868 0.04415976441387531 -0.5668622410658216
-17.899487300878413 -6.622448126097651 -13.428673838940975
4.750855747172151 1.145948084765832 0.9970704490035223
0.6544561110119864 2.2035766407039135 0.7853826586799392
11.738361397512694 1.145948084765832 2.876466348019031
1.4130344400288783 -1.1047178713484342 4.759650580755264
-7.14023802415469 -4.9447562123663005 -5.174352742122719
1.2356205908760174 3.0191503312104597 1.1017883203519567
